# Blender v2.79 (sub 0) OBJ File: 'speed.blend'
# www.blender.org
mtllib speed.mtl
o Cube.002_Cube.005
v -0.258972 -0.437534 0.608165
v -0.258817 -0.026568 0.958460
v -0.294701 0.729894 -0.761446
v -0.294546 1.140860 -0.411151
v 0.280922 -0.430699 0.599907
v 0.281076 -0.019732 0.950203
v 0.245193 0.736729 -0.769704
v 0.245347 1.147696 -0.419409
v -0.270290 -1.047496 -0.618549
v -0.259572 -1.397724 -0.207666
v -0.269775 0.322392 0.549101
v -0.259057 -0.027837 0.959985
v 0.269603 -1.040660 -0.626807
v 0.280322 -1.390889 -0.215924
v 0.270118 0.329227 0.540843
v 0.280837 -0.021001 0.951727
vn -0.9998 -0.0127 0.0153
vn -0.0198 0.6486 -0.7609
vn 0.9998 0.0127 -0.0153
vn 0.0198 -0.6486 0.7609
vn -0.0003 -0.7610 -0.6487
vn 0.0003 0.7610 0.6487
usemtl None
s off
f 1//1 2//1 4//1 3//1
f 3//2 4//2 8//2 7//2
f 7//3 8//3 6//3 5//3
f 5//4 6//4 2//4 1//4
f 3//5 7//5 5//5 1//5
f 8//6 4//6 2//6 6//6
f 9//1 10//1 12//1 11//1
f 11//6 12//6 16//6 15//6
f 15//3 16//3 14//3 13//3
f 13//5 14//5 10//5 9//5
f 11//2 15//2 13//2 9//2
f 16//4 12//4 10//4 14//4
o Cube.004_Cube.012
v -0.294802 -1.117042 -1.645624
v -0.284084 -1.467271 -1.234740
v -0.294287 0.252845 -0.477973
v -0.283568 -0.097383 -0.067090
v 0.245091 -1.110207 -1.653881
v 0.255810 -1.460435 -1.242998
v 0.245607 0.259681 -0.486231
v 0.256325 -0.090548 -0.075348
v -0.283484 -0.507081 -0.418909
v -0.283329 -0.096115 -0.068614
v -0.319213 0.660347 -1.788520
v -0.319058 1.071314 -1.438225
v 0.256410 -0.500245 -0.427167
v 0.256564 -0.089279 -0.076872
v 0.220681 0.667183 -1.796778
v 0.220836 1.078149 -1.446483
vn -0.9998 -0.0127 0.0153
vn 0.0003 0.7610 0.6487
vn 0.9998 0.0127 -0.0153
vn -0.0003 -0.7610 -0.6487
vn -0.0198 0.6486 -0.7609
vn 0.0198 -0.6486 0.7609
usemtl None
s off
f 17//7 18//7 20//7 19//7
f 19//8 20//8 24//8 23//8
f 23//9 24//9 22//9 21//9
f 21//10 22//10 18//10 17//10
f 19//11 23//11 21//11 17//11
f 24//12 20//12 18//12 22//12
f 25//7 26//7 28//7 27//7
f 27//11 28//11 32//11 31//11
f 31//9 32//9 30//9 29//9
f 29//12 30//12 26//12 25//12
f 27//10 31//10 29//10 25//10
f 32//8 28//8 26//8 30//8
o Cube.007_Cube.015
v -0.243935 -0.946525 0.429008
v -0.233216 -1.296753 0.839891
v -0.243419 0.423363 1.596658
v -0.232701 0.073134 2.007541
v 0.295959 -0.939689 0.420750
v 0.306678 -1.289918 0.831633
v 0.296474 0.430198 1.588400
v 0.307193 0.079970 1.999284
v -0.232616 -0.336563 1.655722
v -0.232461 0.074403 2.006017
v -0.268345 0.830865 0.286111
v -0.268190 1.241831 0.636406
v 0.307278 -0.329728 1.647464
v 0.307432 0.081238 1.997759
v 0.271549 0.837700 0.277853
v 0.271703 1.248667 0.628148
vn -0.9998 -0.0127 0.0153
vn 0.0003 0.7610 0.6487
vn 0.9998 0.0127 -0.0153
vn -0.0003 -0.7610 -0.6487
vn -0.0198 0.6486 -0.7609
vn 0.0198 -0.6486 0.7609
usemtl None
s off
f 33//13 34//13 36//13 35//13
f 35//14 36//14 40//14 39//14
f 39//15 40//15 38//15 37//15
f 37//16 38//16 34//16 33//16
f 35//17 39//17 37//17 33//17
f 40//18 36//18 34//18 38//18
f 41//13 42//13 44//13 43//13
f 43//17 44//17 48//17 47//17
f 47//15 48//15 46//15 45//15
f 45//18 46//18 42//18 41//18
f 43//16 47//16 45//16 41//16
f 48//14 44//14 42//14 46//14
